{
 "cells": [
  {
   "cell_type": "code",
   "execution_count": 2,
   "metadata": {
    "collapsed": true
   },
   "outputs": [],
   "source": [
    "%matplotlib inline\n",
    "import pandas as pd"
   ]
  },
  {
   "cell_type": "markdown",
   "metadata": {},
   "source": [
    "# Cosine similarity\n",
    "\n"
   ]
  },
  {
   "cell_type": "code",
   "execution_count": 9,
   "metadata": {},
   "outputs": [
    {
     "data": {
      "text/html": [
       "<div>\n",
       "<style>\n",
       "    .dataframe thead tr:only-child th {\n",
       "        text-align: right;\n",
       "    }\n",
       "\n",
       "    .dataframe thead th {\n",
       "        text-align: left;\n",
       "    }\n",
       "\n",
       "    .dataframe tbody tr th {\n",
       "        vertical-align: top;\n",
       "    }\n",
       "</style>\n",
       "<table border=\"1\" class=\"dataframe\">\n",
       "  <thead>\n",
       "    <tr style=\"text-align: right;\">\n",
       "      <th></th>\n",
       "      <th>author</th>\n",
       "      <th>content</th>\n",
       "      <th>filename</th>\n",
       "      <th>followers</th>\n",
       "      <th>description</th>\n",
       "      <th>claps</th>\n",
       "      <th>people_clapped</th>\n",
       "      <th>min_read</th>\n",
       "      <th>high_text</th>\n",
       "      <th>author_date</th>\n",
       "      <th>...</th>\n",
       "      <th>anger</th>\n",
       "      <th>positivity</th>\n",
       "      <th>joy</th>\n",
       "      <th>disgust</th>\n",
       "      <th>surprise</th>\n",
       "      <th>trust</th>\n",
       "      <th>anticipation</th>\n",
       "      <th>sadness</th>\n",
       "      <th>negative</th>\n",
       "      <th>fear</th>\n",
       "    </tr>\n",
       "  </thead>\n",
       "  <tbody>\n",
       "    <tr>\n",
       "      <th>0</th>\n",
       "      <td>Josh Spector</td>\n",
       "      <td>You re busy so I ll keep this quick Following ...</td>\n",
       "      <td>3.The Two Minutes It Takes To Read This Will I...</td>\n",
       "      <td>27000</td>\n",
       "      <td>Writer. Strategist. For The Interested newslet...</td>\n",
       "      <td>25191</td>\n",
       "      <td>17953</td>\n",
       "      <td>2</td>\n",
       "      <td>Delete the word “that.”</td>\n",
       "      <td>Apr 2017</td>\n",
       "      <td>...</td>\n",
       "      <td>0.203704</td>\n",
       "      <td>0.277778</td>\n",
       "      <td>0.092593</td>\n",
       "      <td>0.148148</td>\n",
       "      <td>0.037037</td>\n",
       "      <td>0.185185</td>\n",
       "      <td>0.185185</td>\n",
       "      <td>0.166667</td>\n",
       "      <td>0.296296</td>\n",
       "      <td>0.185185</td>\n",
       "    </tr>\n",
       "    <tr>\n",
       "      <th>1</th>\n",
       "      <td>Trent Lapinski</td>\n",
       "      <td>rump Is What Happens When You Nominate A Cheat...</td>\n",
       "      <td>8.Dear Democrats, Read This If You Do Not Unde...</td>\n",
       "      <td>13400</td>\n",
       "      <td>Tech Entrepreneur. Journalist. Technologist. C...</td>\n",
       "      <td>10885</td>\n",
       "      <td>9981</td>\n",
       "      <td>5</td>\n",
       "      <td>This is the problem with America today, the te...</td>\n",
       "      <td>NaN</td>\n",
       "      <td>...</td>\n",
       "      <td>0.051502</td>\n",
       "      <td>0.253219</td>\n",
       "      <td>0.055794</td>\n",
       "      <td>0.021459</td>\n",
       "      <td>0.077253</td>\n",
       "      <td>0.111588</td>\n",
       "      <td>0.081545</td>\n",
       "      <td>0.051502</td>\n",
       "      <td>0.133047</td>\n",
       "      <td>0.060086</td>\n",
       "    </tr>\n",
       "    <tr>\n",
       "      <th>2</th>\n",
       "      <td>Shem Magnezi</td>\n",
       "      <td>That s right I said it Fuck your startup scene...</td>\n",
       "      <td>2.Fuck You Startup World</td>\n",
       "      <td>6200</td>\n",
       "      <td>Doing what I love</td>\n",
       "      <td>22661</td>\n",
       "      <td>17316</td>\n",
       "      <td>5</td>\n",
       "      <td>You should celebrate any day that you don’t ha...</td>\n",
       "      <td>NaN</td>\n",
       "      <td>...</td>\n",
       "      <td>0.064677</td>\n",
       "      <td>0.208955</td>\n",
       "      <td>0.079602</td>\n",
       "      <td>0.054726</td>\n",
       "      <td>0.014925</td>\n",
       "      <td>0.079602</td>\n",
       "      <td>0.094527</td>\n",
       "      <td>0.039801</td>\n",
       "      <td>0.149254</td>\n",
       "      <td>0.064677</td>\n",
       "    </tr>\n",
       "    <tr>\n",
       "      <th>3</th>\n",
       "      <td>Tobias Stone</td>\n",
       "      <td>It seems we re entering another of those stupi...</td>\n",
       "      <td>1.History tells us what may happen next with B...</td>\n",
       "      <td>27000</td>\n",
       "      <td>Writing about politics, history, and society. ...</td>\n",
       "      <td>18983</td>\n",
       "      <td>17092</td>\n",
       "      <td>7</td>\n",
       "      <td>We need to find a way to bridge from our close...</td>\n",
       "      <td>Aug 2017</td>\n",
       "      <td>...</td>\n",
       "      <td>0.123746</td>\n",
       "      <td>0.140468</td>\n",
       "      <td>0.030100</td>\n",
       "      <td>0.068562</td>\n",
       "      <td>0.045151</td>\n",
       "      <td>0.073579</td>\n",
       "      <td>0.081940</td>\n",
       "      <td>0.096990</td>\n",
       "      <td>0.239130</td>\n",
       "      <td>0.133779</td>\n",
       "    </tr>\n",
       "    <tr>\n",
       "      <th>4</th>\n",
       "      <td>Max Braun</td>\n",
       "      <td>When I couldn t buy a smart mirror and made on...</td>\n",
       "      <td>10.My Bathroom Mirror Is Smarter Than Yours</td>\n",
       "      <td>7400</td>\n",
       "      <td>Inevitable technology. Lately robots at X.</td>\n",
       "      <td>10353</td>\n",
       "      <td>9506</td>\n",
       "      <td>3</td>\n",
       "      <td>Maybe I’ll post a more detailed making-of with...</td>\n",
       "      <td>NaN</td>\n",
       "      <td>...</td>\n",
       "      <td>0.008621</td>\n",
       "      <td>0.112069</td>\n",
       "      <td>0.025862</td>\n",
       "      <td>0.025862</td>\n",
       "      <td>0.000000</td>\n",
       "      <td>0.077586</td>\n",
       "      <td>0.068966</td>\n",
       "      <td>0.017241</td>\n",
       "      <td>0.068966</td>\n",
       "      <td>0.025862</td>\n",
       "    </tr>\n",
       "  </tbody>\n",
       "</table>\n",
       "<p>5 rows × 22 columns</p>\n",
       "</div>"
      ],
      "text/plain": [
       "           author                                            content  \\\n",
       "0    Josh Spector  You re busy so I ll keep this quick Following ...   \n",
       "1  Trent Lapinski  rump Is What Happens When You Nominate A Cheat...   \n",
       "2    Shem Magnezi  That s right I said it Fuck your startup scene...   \n",
       "3    Tobias Stone  It seems we re entering another of those stupi...   \n",
       "4       Max Braun  When I couldn t buy a smart mirror and made on...   \n",
       "\n",
       "                                            filename  followers  \\\n",
       "0  3.The Two Minutes It Takes To Read This Will I...      27000   \n",
       "1  8.Dear Democrats, Read This If You Do Not Unde...      13400   \n",
       "2                           2.Fuck You Startup World       6200   \n",
       "3  1.History tells us what may happen next with B...      27000   \n",
       "4        10.My Bathroom Mirror Is Smarter Than Yours       7400   \n",
       "\n",
       "                                         description  claps  people_clapped  \\\n",
       "0  Writer. Strategist. For The Interested newslet...  25191           17953   \n",
       "1  Tech Entrepreneur. Journalist. Technologist. C...  10885            9981   \n",
       "2                                  Doing what I love  22661           17316   \n",
       "3  Writing about politics, history, and society. ...  18983           17092   \n",
       "4         Inevitable technology. Lately robots at X.  10353            9506   \n",
       "\n",
       "   min_read                                          high_text author_date  \\\n",
       "0         2                            Delete the word “that.”    Apr 2017   \n",
       "1         5  This is the problem with America today, the te...         NaN   \n",
       "2         5  You should celebrate any day that you don’t ha...         NaN   \n",
       "3         7  We need to find a way to bridge from our close...    Aug 2017   \n",
       "4         3  Maybe I’ll post a more detailed making-of with...         NaN   \n",
       "\n",
       "     ...        anger positivity       joy   disgust  surprise     trust  \\\n",
       "0    ...     0.203704   0.277778  0.092593  0.148148  0.037037  0.185185   \n",
       "1    ...     0.051502   0.253219  0.055794  0.021459  0.077253  0.111588   \n",
       "2    ...     0.064677   0.208955  0.079602  0.054726  0.014925  0.079602   \n",
       "3    ...     0.123746   0.140468  0.030100  0.068562  0.045151  0.073579   \n",
       "4    ...     0.008621   0.112069  0.025862  0.025862  0.000000  0.077586   \n",
       "\n",
       "   anticipation   sadness  negative      fear  \n",
       "0      0.185185  0.166667  0.296296  0.185185  \n",
       "1      0.081545  0.051502  0.133047  0.060086  \n",
       "2      0.094527  0.039801  0.149254  0.064677  \n",
       "3      0.081940  0.096990  0.239130  0.133779  \n",
       "4      0.068966  0.017241  0.068966  0.025862  \n",
       "\n",
       "[5 rows x 22 columns]"
      ]
     },
     "execution_count": 9,
     "metadata": {},
     "output_type": "execute_result"
    }
   ],
   "source": [
    "df_m = pd.read_csv(\"medium_emotions.csv\")\n",
    "df_m.head()"
   ]
  },
  {
   "cell_type": "markdown",
   "metadata": {},
   "source": [
    "Let's compare them based on the number of animals they have. So those animal counts will be our **features.**"
   ]
  },
  {
   "cell_type": "code",
   "execution_count": 11,
   "metadata": {},
   "outputs": [
    {
     "data": {
      "text/html": [
       "<div>\n",
       "<style>\n",
       "    .dataframe thead tr:only-child th {\n",
       "        text-align: right;\n",
       "    }\n",
       "\n",
       "    .dataframe thead th {\n",
       "        text-align: left;\n",
       "    }\n",
       "\n",
       "    .dataframe tbody tr th {\n",
       "        vertical-align: top;\n",
       "    }\n",
       "</style>\n",
       "<table border=\"1\" class=\"dataframe\">\n",
       "  <thead>\n",
       "    <tr style=\"text-align: right;\">\n",
       "      <th></th>\n",
       "      <th>anger</th>\n",
       "      <th>joy</th>\n",
       "    </tr>\n",
       "  </thead>\n",
       "  <tbody>\n",
       "    <tr>\n",
       "      <th>0</th>\n",
       "      <td>0.203704</td>\n",
       "      <td>0.092593</td>\n",
       "    </tr>\n",
       "    <tr>\n",
       "      <th>1</th>\n",
       "      <td>0.051502</td>\n",
       "      <td>0.055794</td>\n",
       "    </tr>\n",
       "    <tr>\n",
       "      <th>2</th>\n",
       "      <td>0.064677</td>\n",
       "      <td>0.079602</td>\n",
       "    </tr>\n",
       "    <tr>\n",
       "      <th>3</th>\n",
       "      <td>0.123746</td>\n",
       "      <td>0.030100</td>\n",
       "    </tr>\n",
       "    <tr>\n",
       "      <th>4</th>\n",
       "      <td>0.008621</td>\n",
       "      <td>0.025862</td>\n",
       "    </tr>\n",
       "    <tr>\n",
       "      <th>5</th>\n",
       "      <td>0.111111</td>\n",
       "      <td>0.092593</td>\n",
       "    </tr>\n",
       "    <tr>\n",
       "      <th>6</th>\n",
       "      <td>0.061962</td>\n",
       "      <td>0.044750</td>\n",
       "    </tr>\n",
       "    <tr>\n",
       "      <th>7</th>\n",
       "      <td>0.032487</td>\n",
       "      <td>0.038579</td>\n",
       "    </tr>\n",
       "    <tr>\n",
       "      <th>8</th>\n",
       "      <td>0.081579</td>\n",
       "      <td>0.078947</td>\n",
       "    </tr>\n",
       "    <tr>\n",
       "      <th>9</th>\n",
       "      <td>0.008929</td>\n",
       "      <td>0.111607</td>\n",
       "    </tr>\n",
       "  </tbody>\n",
       "</table>\n",
       "</div>"
      ],
      "text/plain": [
       "      anger       joy\n",
       "0  0.203704  0.092593\n",
       "1  0.051502  0.055794\n",
       "2  0.064677  0.079602\n",
       "3  0.123746  0.030100\n",
       "4  0.008621  0.025862\n",
       "5  0.111111  0.092593\n",
       "6  0.061962  0.044750\n",
       "7  0.032487  0.038579\n",
       "8  0.081579  0.078947\n",
       "9  0.008929  0.111607"
      ]
     },
     "execution_count": 11,
     "metadata": {},
     "output_type": "execute_result"
    }
   ],
   "source": [
    "features_df_m = df_m[['anger','joy']]\n",
    "features_df_m"
   ]
  },
  {
   "cell_type": "markdown",
   "metadata": {},
   "source": [
    "And we'll save everyone's name into a list called **names**."
   ]
  },
  {
   "cell_type": "code",
   "execution_count": 13,
   "metadata": {},
   "outputs": [
    {
     "data": {
      "text/plain": [
       "0                Josh Spector\n",
       "1              Trent Lapinski\n",
       "2                Shem Magnezi\n",
       "3                Tobias Stone\n",
       "4                   Max Braun\n",
       "5    Hillary Clinton [parody]\n",
       "6               Jose Aguinaga\n",
       "7               Jose Aguinaga\n",
       "8               David Hopkins\n",
       "9       Tristan de Montebello\n",
       "Name: author, dtype: object"
      ]
     },
     "execution_count": 13,
     "metadata": {},
     "output_type": "execute_result"
    }
   ],
   "source": [
    "m_names = df_m.author\n",
    "m_names"
   ]
  },
  {
   "cell_type": "markdown",
   "metadata": {},
   "source": [
    "Scikit-learn has a lot of [pairwise metrics](http://scikit-learn.org/stable/modules/metrics.html#metrics) you can use to see how related things are. Y'know, like how we spend time clustering things, this is kind of the step in-between that you don't get to see.\n",
    "\n",
    "You can use other metrics, but cosine similarity is a pretty good/safe/reasonably understandable one."
   ]
  },
  {
   "cell_type": "code",
   "execution_count": 14,
   "metadata": {
    "collapsed": true
   },
   "outputs": [],
   "source": [
    "from sklearn.metrics.pairwise import cosine_similarity\n",
    "\n",
    "# Use cosine_similarity to create a matrix of... similarities\n",
    "# call it similarity"
   ]
  },
  {
   "cell_type": "code",
   "execution_count": 24,
   "metadata": {},
   "outputs": [
    {
     "data": {
      "text/plain": [
       "array([[ 1.        ,  0.9215473 ,  0.89522865,  0.98237659,  0.6804511 ,\n",
       "         0.96427309,  0.98029291,  0.9029221 ,  0.94195873,  0.48508247],\n",
       "       [ 0.9215473 ,  1.        ,  0.99800967,  0.83273476,  0.91158676,\n",
       "         0.99147891,  0.98008807,  0.99896384,  0.99841159,  0.7865529 ],\n",
       "       [ 0.89522865,  0.99800967,  1.        ,  0.79616219,  0.93569729,\n",
       "         0.98129075,  0.96561576,  0.99984554,  0.99287152,  0.82392904],\n",
       "       [ 0.98237659,  0.83273476,  0.79616219,  1.        ,  0.53149107,\n",
       "         0.89776432,  0.92609236,  0.80667381,  0.86260637,  0.31308471],\n",
       "       [ 0.6804511 ,  0.91158676,  0.93569729,  0.53149107,  1.        ,\n",
       "         0.85026515,  0.81180439,  0.92935209,  0.88697664,  0.97087966],\n",
       "       [ 0.96427309,  0.99147891,  0.98129075,  0.89776432,  0.85026515,\n",
       "         1.        ,  0.99760295,  0.984523  ,  0.99724341,  0.69940757],\n",
       "       [ 0.98029291,  0.98008807,  0.96561576,  0.92609236,  0.81180439,\n",
       "         0.99760295,  1.        ,  0.97003575,  0.98971851,  0.64827372],\n",
       "       [ 0.9029221 ,  0.99896384,  0.99984554,  0.80667381,  0.92935209,\n",
       "         0.984523  ,  0.97003575,  1.        ,  0.99481296,  0.81384192],\n",
       "       [ 0.94195873,  0.99841159,  0.99287152,  0.86260637,  0.88697664,\n",
       "         0.99724341,  0.98971851,  0.99481296,  1.        ,  0.75051179],\n",
       "       [ 0.48508247,  0.7865529 ,  0.82392904,  0.31308471,  0.97087966,\n",
       "         0.69940757,  0.64827372,  0.81384192,  0.75051179,  1.        ]])"
      ]
     },
     "execution_count": 24,
     "metadata": {},
     "output_type": "execute_result"
    }
   ],
   "source": [
    "similarity_m = cosine_similarity(features_df_m)\n",
    "similarity_m"
   ]
  },
  {
   "cell_type": "code",
   "execution_count": 25,
   "metadata": {},
   "outputs": [
    {
     "data": {
      "text/html": [
       "<div>\n",
       "<style>\n",
       "    .dataframe thead tr:only-child th {\n",
       "        text-align: right;\n",
       "    }\n",
       "\n",
       "    .dataframe thead th {\n",
       "        text-align: left;\n",
       "    }\n",
       "\n",
       "    .dataframe tbody tr th {\n",
       "        vertical-align: top;\n",
       "    }\n",
       "</style>\n",
       "<table border=\"1\" class=\"dataframe\">\n",
       "  <thead>\n",
       "    <tr style=\"text-align: right;\">\n",
       "      <th>author</th>\n",
       "      <th>Josh Spector</th>\n",
       "      <th>Trent Lapinski</th>\n",
       "      <th>Shem Magnezi</th>\n",
       "      <th>Tobias Stone</th>\n",
       "      <th>Max Braun</th>\n",
       "      <th>Hillary Clinton [parody]</th>\n",
       "      <th>Jose Aguinaga</th>\n",
       "      <th>Jose Aguinaga</th>\n",
       "      <th>David Hopkins</th>\n",
       "      <th>Tristan de Montebello</th>\n",
       "    </tr>\n",
       "    <tr>\n",
       "      <th>author</th>\n",
       "      <th></th>\n",
       "      <th></th>\n",
       "      <th></th>\n",
       "      <th></th>\n",
       "      <th></th>\n",
       "      <th></th>\n",
       "      <th></th>\n",
       "      <th></th>\n",
       "      <th></th>\n",
       "      <th></th>\n",
       "    </tr>\n",
       "  </thead>\n",
       "  <tbody>\n",
       "    <tr>\n",
       "      <th>Josh Spector</th>\n",
       "      <td>1.000000</td>\n",
       "      <td>0.921547</td>\n",
       "      <td>0.895229</td>\n",
       "      <td>0.982377</td>\n",
       "      <td>0.680451</td>\n",
       "      <td>0.964273</td>\n",
       "      <td>0.980293</td>\n",
       "      <td>0.902922</td>\n",
       "      <td>0.941959</td>\n",
       "      <td>0.485082</td>\n",
       "    </tr>\n",
       "    <tr>\n",
       "      <th>Trent Lapinski</th>\n",
       "      <td>0.921547</td>\n",
       "      <td>1.000000</td>\n",
       "      <td>0.998010</td>\n",
       "      <td>0.832735</td>\n",
       "      <td>0.911587</td>\n",
       "      <td>0.991479</td>\n",
       "      <td>0.980088</td>\n",
       "      <td>0.998964</td>\n",
       "      <td>0.998412</td>\n",
       "      <td>0.786553</td>\n",
       "    </tr>\n",
       "    <tr>\n",
       "      <th>Shem Magnezi</th>\n",
       "      <td>0.895229</td>\n",
       "      <td>0.998010</td>\n",
       "      <td>1.000000</td>\n",
       "      <td>0.796162</td>\n",
       "      <td>0.935697</td>\n",
       "      <td>0.981291</td>\n",
       "      <td>0.965616</td>\n",
       "      <td>0.999846</td>\n",
       "      <td>0.992872</td>\n",
       "      <td>0.823929</td>\n",
       "    </tr>\n",
       "    <tr>\n",
       "      <th>Tobias Stone</th>\n",
       "      <td>0.982377</td>\n",
       "      <td>0.832735</td>\n",
       "      <td>0.796162</td>\n",
       "      <td>1.000000</td>\n",
       "      <td>0.531491</td>\n",
       "      <td>0.897764</td>\n",
       "      <td>0.926092</td>\n",
       "      <td>0.806674</td>\n",
       "      <td>0.862606</td>\n",
       "      <td>0.313085</td>\n",
       "    </tr>\n",
       "    <tr>\n",
       "      <th>Max Braun</th>\n",
       "      <td>0.680451</td>\n",
       "      <td>0.911587</td>\n",
       "      <td>0.935697</td>\n",
       "      <td>0.531491</td>\n",
       "      <td>1.000000</td>\n",
       "      <td>0.850265</td>\n",
       "      <td>0.811804</td>\n",
       "      <td>0.929352</td>\n",
       "      <td>0.886977</td>\n",
       "      <td>0.970880</td>\n",
       "    </tr>\n",
       "    <tr>\n",
       "      <th>Hillary Clinton [parody]</th>\n",
       "      <td>0.964273</td>\n",
       "      <td>0.991479</td>\n",
       "      <td>0.981291</td>\n",
       "      <td>0.897764</td>\n",
       "      <td>0.850265</td>\n",
       "      <td>1.000000</td>\n",
       "      <td>0.997603</td>\n",
       "      <td>0.984523</td>\n",
       "      <td>0.997243</td>\n",
       "      <td>0.699408</td>\n",
       "    </tr>\n",
       "    <tr>\n",
       "      <th>Jose Aguinaga</th>\n",
       "      <td>0.980293</td>\n",
       "      <td>0.980088</td>\n",
       "      <td>0.965616</td>\n",
       "      <td>0.926092</td>\n",
       "      <td>0.811804</td>\n",
       "      <td>0.997603</td>\n",
       "      <td>1.000000</td>\n",
       "      <td>0.970036</td>\n",
       "      <td>0.989719</td>\n",
       "      <td>0.648274</td>\n",
       "    </tr>\n",
       "    <tr>\n",
       "      <th>Jose Aguinaga</th>\n",
       "      <td>0.902922</td>\n",
       "      <td>0.998964</td>\n",
       "      <td>0.999846</td>\n",
       "      <td>0.806674</td>\n",
       "      <td>0.929352</td>\n",
       "      <td>0.984523</td>\n",
       "      <td>0.970036</td>\n",
       "      <td>1.000000</td>\n",
       "      <td>0.994813</td>\n",
       "      <td>0.813842</td>\n",
       "    </tr>\n",
       "    <tr>\n",
       "      <th>David Hopkins</th>\n",
       "      <td>0.941959</td>\n",
       "      <td>0.998412</td>\n",
       "      <td>0.992872</td>\n",
       "      <td>0.862606</td>\n",
       "      <td>0.886977</td>\n",
       "      <td>0.997243</td>\n",
       "      <td>0.989719</td>\n",
       "      <td>0.994813</td>\n",
       "      <td>1.000000</td>\n",
       "      <td>0.750512</td>\n",
       "    </tr>\n",
       "    <tr>\n",
       "      <th>Tristan de Montebello</th>\n",
       "      <td>0.485082</td>\n",
       "      <td>0.786553</td>\n",
       "      <td>0.823929</td>\n",
       "      <td>0.313085</td>\n",
       "      <td>0.970880</td>\n",
       "      <td>0.699408</td>\n",
       "      <td>0.648274</td>\n",
       "      <td>0.813842</td>\n",
       "      <td>0.750512</td>\n",
       "      <td>1.000000</td>\n",
       "    </tr>\n",
       "  </tbody>\n",
       "</table>\n",
       "</div>"
      ],
      "text/plain": [
       "author                    Josh Spector  Trent Lapinski  Shem Magnezi  \\\n",
       "author                                                                 \n",
       "Josh Spector                  1.000000        0.921547      0.895229   \n",
       "Trent Lapinski                0.921547        1.000000      0.998010   \n",
       "Shem Magnezi                  0.895229        0.998010      1.000000   \n",
       "Tobias Stone                  0.982377        0.832735      0.796162   \n",
       "Max Braun                     0.680451        0.911587      0.935697   \n",
       "Hillary Clinton [parody]      0.964273        0.991479      0.981291   \n",
       "Jose Aguinaga                 0.980293        0.980088      0.965616   \n",
       "Jose Aguinaga                 0.902922        0.998964      0.999846   \n",
       "David Hopkins                 0.941959        0.998412      0.992872   \n",
       "Tristan de Montebello         0.485082        0.786553      0.823929   \n",
       "\n",
       "author                    Tobias Stone  Max Braun  Hillary Clinton [parody]  \\\n",
       "author                                                                        \n",
       "Josh Spector                  0.982377   0.680451                  0.964273   \n",
       "Trent Lapinski                0.832735   0.911587                  0.991479   \n",
       "Shem Magnezi                  0.796162   0.935697                  0.981291   \n",
       "Tobias Stone                  1.000000   0.531491                  0.897764   \n",
       "Max Braun                     0.531491   1.000000                  0.850265   \n",
       "Hillary Clinton [parody]      0.897764   0.850265                  1.000000   \n",
       "Jose Aguinaga                 0.926092   0.811804                  0.997603   \n",
       "Jose Aguinaga                 0.806674   0.929352                  0.984523   \n",
       "David Hopkins                 0.862606   0.886977                  0.997243   \n",
       "Tristan de Montebello         0.313085   0.970880                  0.699408   \n",
       "\n",
       "author                    Jose Aguinaga  Jose Aguinaga  David Hopkins  \\\n",
       "author                                                                  \n",
       "Josh Spector                   0.980293       0.902922       0.941959   \n",
       "Trent Lapinski                 0.980088       0.998964       0.998412   \n",
       "Shem Magnezi                   0.965616       0.999846       0.992872   \n",
       "Tobias Stone                   0.926092       0.806674       0.862606   \n",
       "Max Braun                      0.811804       0.929352       0.886977   \n",
       "Hillary Clinton [parody]       0.997603       0.984523       0.997243   \n",
       "Jose Aguinaga                  1.000000       0.970036       0.989719   \n",
       "Jose Aguinaga                  0.970036       1.000000       0.994813   \n",
       "David Hopkins                  0.989719       0.994813       1.000000   \n",
       "Tristan de Montebello          0.648274       0.813842       0.750512   \n",
       "\n",
       "author                    Tristan de Montebello  \n",
       "author                                           \n",
       "Josh Spector                           0.485082  \n",
       "Trent Lapinski                         0.786553  \n",
       "Shem Magnezi                           0.823929  \n",
       "Tobias Stone                           0.313085  \n",
       "Max Braun                              0.970880  \n",
       "Hillary Clinton [parody]               0.699408  \n",
       "Jose Aguinaga                          0.648274  \n",
       "Jose Aguinaga                          0.813842  \n",
       "David Hopkins                          0.750512  \n",
       "Tristan de Montebello                  1.000000  "
      ]
     },
     "execution_count": 25,
     "metadata": {},
     "output_type": "execute_result"
    }
   ],
   "source": [
    "pd.DataFrame(similarity_m, columns=m_names, index=m_names)"
   ]
  },
  {
   "cell_type": "code",
   "execution_count": 27,
   "metadata": {},
   "outputs": [
    {
     "data": {
      "text/html": [
       "<div>\n",
       "<style>\n",
       "    .dataframe thead tr:only-child th {\n",
       "        text-align: right;\n",
       "    }\n",
       "\n",
       "    .dataframe thead th {\n",
       "        text-align: left;\n",
       "    }\n",
       "\n",
       "    .dataframe tbody tr th {\n",
       "        vertical-align: top;\n",
       "    }\n",
       "</style>\n",
       "<table border=\"1\" class=\"dataframe\">\n",
       "  <thead>\n",
       "    <tr style=\"text-align: right;\">\n",
       "      <th>author</th>\n",
       "      <th>Josh Spector</th>\n",
       "      <th>Trent Lapinski</th>\n",
       "      <th>Shem Magnezi</th>\n",
       "      <th>Tobias Stone</th>\n",
       "      <th>Max Braun</th>\n",
       "      <th>Hillary Clinton [parody]</th>\n",
       "      <th>Jose Aguinaga</th>\n",
       "      <th>Jose Aguinaga</th>\n",
       "      <th>David Hopkins</th>\n",
       "      <th>Tristan de Montebello</th>\n",
       "    </tr>\n",
       "    <tr>\n",
       "      <th>author</th>\n",
       "      <th></th>\n",
       "      <th></th>\n",
       "      <th></th>\n",
       "      <th></th>\n",
       "      <th></th>\n",
       "      <th></th>\n",
       "      <th></th>\n",
       "      <th></th>\n",
       "      <th></th>\n",
       "      <th></th>\n",
       "    </tr>\n",
       "  </thead>\n",
       "  <tbody>\n",
       "    <tr>\n",
       "      <th>Josh Spector</th>\n",
       "      <td>1.000000</td>\n",
       "      <td>0.921547</td>\n",
       "      <td>0.895229</td>\n",
       "      <td>0.982377</td>\n",
       "      <td>0.680451</td>\n",
       "      <td>0.964273</td>\n",
       "      <td>0.980293</td>\n",
       "      <td>0.902922</td>\n",
       "      <td>0.941959</td>\n",
       "      <td>0.485082</td>\n",
       "    </tr>\n",
       "    <tr>\n",
       "      <th>Trent Lapinski</th>\n",
       "      <td>0.921547</td>\n",
       "      <td>1.000000</td>\n",
       "      <td>0.998010</td>\n",
       "      <td>0.832735</td>\n",
       "      <td>0.911587</td>\n",
       "      <td>0.991479</td>\n",
       "      <td>0.980088</td>\n",
       "      <td>0.998964</td>\n",
       "      <td>0.998412</td>\n",
       "      <td>0.786553</td>\n",
       "    </tr>\n",
       "    <tr>\n",
       "      <th>Shem Magnezi</th>\n",
       "      <td>0.895229</td>\n",
       "      <td>0.998010</td>\n",
       "      <td>1.000000</td>\n",
       "      <td>0.796162</td>\n",
       "      <td>0.935697</td>\n",
       "      <td>0.981291</td>\n",
       "      <td>0.965616</td>\n",
       "      <td>0.999846</td>\n",
       "      <td>0.992872</td>\n",
       "      <td>0.823929</td>\n",
       "    </tr>\n",
       "    <tr>\n",
       "      <th>Tobias Stone</th>\n",
       "      <td>0.982377</td>\n",
       "      <td>0.832735</td>\n",
       "      <td>0.796162</td>\n",
       "      <td>1.000000</td>\n",
       "      <td>0.531491</td>\n",
       "      <td>0.897764</td>\n",
       "      <td>0.926092</td>\n",
       "      <td>0.806674</td>\n",
       "      <td>0.862606</td>\n",
       "      <td>0.313085</td>\n",
       "    </tr>\n",
       "    <tr>\n",
       "      <th>Max Braun</th>\n",
       "      <td>0.680451</td>\n",
       "      <td>0.911587</td>\n",
       "      <td>0.935697</td>\n",
       "      <td>0.531491</td>\n",
       "      <td>1.000000</td>\n",
       "      <td>0.850265</td>\n",
       "      <td>0.811804</td>\n",
       "      <td>0.929352</td>\n",
       "      <td>0.886977</td>\n",
       "      <td>0.970880</td>\n",
       "    </tr>\n",
       "    <tr>\n",
       "      <th>Hillary Clinton [parody]</th>\n",
       "      <td>0.964273</td>\n",
       "      <td>0.991479</td>\n",
       "      <td>0.981291</td>\n",
       "      <td>0.897764</td>\n",
       "      <td>0.850265</td>\n",
       "      <td>1.000000</td>\n",
       "      <td>0.997603</td>\n",
       "      <td>0.984523</td>\n",
       "      <td>0.997243</td>\n",
       "      <td>0.699408</td>\n",
       "    </tr>\n",
       "    <tr>\n",
       "      <th>Jose Aguinaga</th>\n",
       "      <td>0.980293</td>\n",
       "      <td>0.980088</td>\n",
       "      <td>0.965616</td>\n",
       "      <td>0.926092</td>\n",
       "      <td>0.811804</td>\n",
       "      <td>0.997603</td>\n",
       "      <td>1.000000</td>\n",
       "      <td>0.970036</td>\n",
       "      <td>0.989719</td>\n",
       "      <td>0.648274</td>\n",
       "    </tr>\n",
       "    <tr>\n",
       "      <th>Jose Aguinaga</th>\n",
       "      <td>0.902922</td>\n",
       "      <td>0.998964</td>\n",
       "      <td>0.999846</td>\n",
       "      <td>0.806674</td>\n",
       "      <td>0.929352</td>\n",
       "      <td>0.984523</td>\n",
       "      <td>0.970036</td>\n",
       "      <td>1.000000</td>\n",
       "      <td>0.994813</td>\n",
       "      <td>0.813842</td>\n",
       "    </tr>\n",
       "    <tr>\n",
       "      <th>David Hopkins</th>\n",
       "      <td>0.941959</td>\n",
       "      <td>0.998412</td>\n",
       "      <td>0.992872</td>\n",
       "      <td>0.862606</td>\n",
       "      <td>0.886977</td>\n",
       "      <td>0.997243</td>\n",
       "      <td>0.989719</td>\n",
       "      <td>0.994813</td>\n",
       "      <td>1.000000</td>\n",
       "      <td>0.750512</td>\n",
       "    </tr>\n",
       "    <tr>\n",
       "      <th>Tristan de Montebello</th>\n",
       "      <td>0.485082</td>\n",
       "      <td>0.786553</td>\n",
       "      <td>0.823929</td>\n",
       "      <td>0.313085</td>\n",
       "      <td>0.970880</td>\n",
       "      <td>0.699408</td>\n",
       "      <td>0.648274</td>\n",
       "      <td>0.813842</td>\n",
       "      <td>0.750512</td>\n",
       "      <td>1.000000</td>\n",
       "    </tr>\n",
       "  </tbody>\n",
       "</table>\n",
       "</div>"
      ],
      "text/plain": [
       "author                    Josh Spector  Trent Lapinski  Shem Magnezi  \\\n",
       "author                                                                 \n",
       "Josh Spector                  1.000000        0.921547      0.895229   \n",
       "Trent Lapinski                0.921547        1.000000      0.998010   \n",
       "Shem Magnezi                  0.895229        0.998010      1.000000   \n",
       "Tobias Stone                  0.982377        0.832735      0.796162   \n",
       "Max Braun                     0.680451        0.911587      0.935697   \n",
       "Hillary Clinton [parody]      0.964273        0.991479      0.981291   \n",
       "Jose Aguinaga                 0.980293        0.980088      0.965616   \n",
       "Jose Aguinaga                 0.902922        0.998964      0.999846   \n",
       "David Hopkins                 0.941959        0.998412      0.992872   \n",
       "Tristan de Montebello         0.485082        0.786553      0.823929   \n",
       "\n",
       "author                    Tobias Stone  Max Braun  Hillary Clinton [parody]  \\\n",
       "author                                                                        \n",
       "Josh Spector                  0.982377   0.680451                  0.964273   \n",
       "Trent Lapinski                0.832735   0.911587                  0.991479   \n",
       "Shem Magnezi                  0.796162   0.935697                  0.981291   \n",
       "Tobias Stone                  1.000000   0.531491                  0.897764   \n",
       "Max Braun                     0.531491   1.000000                  0.850265   \n",
       "Hillary Clinton [parody]      0.897764   0.850265                  1.000000   \n",
       "Jose Aguinaga                 0.926092   0.811804                  0.997603   \n",
       "Jose Aguinaga                 0.806674   0.929352                  0.984523   \n",
       "David Hopkins                 0.862606   0.886977                  0.997243   \n",
       "Tristan de Montebello         0.313085   0.970880                  0.699408   \n",
       "\n",
       "author                    Jose Aguinaga  Jose Aguinaga  David Hopkins  \\\n",
       "author                                                                  \n",
       "Josh Spector                   0.980293       0.902922       0.941959   \n",
       "Trent Lapinski                 0.980088       0.998964       0.998412   \n",
       "Shem Magnezi                   0.965616       0.999846       0.992872   \n",
       "Tobias Stone                   0.926092       0.806674       0.862606   \n",
       "Max Braun                      0.811804       0.929352       0.886977   \n",
       "Hillary Clinton [parody]       0.997603       0.984523       0.997243   \n",
       "Jose Aguinaga                  1.000000       0.970036       0.989719   \n",
       "Jose Aguinaga                  0.970036       1.000000       0.994813   \n",
       "David Hopkins                  0.989719       0.994813       1.000000   \n",
       "Tristan de Montebello          0.648274       0.813842       0.750512   \n",
       "\n",
       "author                    Tristan de Montebello  \n",
       "author                                           \n",
       "Josh Spector                           0.485082  \n",
       "Trent Lapinski                         0.786553  \n",
       "Shem Magnezi                           0.823929  \n",
       "Tobias Stone                           0.313085  \n",
       "Max Braun                              0.970880  \n",
       "Hillary Clinton [parody]               0.699408  \n",
       "Jose Aguinaga                          0.648274  \n",
       "Jose Aguinaga                          0.813842  \n",
       "David Hopkins                          0.750512  \n",
       "Tristan de Montebello                  1.000000  "
      ]
     },
     "execution_count": 27,
     "metadata": {},
     "output_type": "execute_result"
    }
   ],
   "source": [
    "pd.DataFrame(similarity_m, columns=m_names, index=m_names)"
   ]
  },
  {
   "cell_type": "markdown",
   "metadata": {},
   "source": [
    "In that big matrix,**every column is a person and every row is a person**, and the intersection is how similar they are. If we want to see it a little more nicely..."
   ]
  },
  {
   "cell_type": "code",
   "execution_count": 29,
   "metadata": {
    "collapsed": true
   },
   "outputs": [],
   "source": [
    "similarity_df_m = pd.DataFrame(similarity_m, columns=m_names, index=m_names)"
   ]
  },
  {
   "cell_type": "markdown",
   "metadata": {},
   "source": [
    "Everyone is 100% similar to themselves - `1.0` - but for everyone else it gets closer and closer to `0` if they're less related.\n",
    "\n",
    "So, now that we've made a nice dataframe with nice rows and columns, who is Josh Spector most similar to?"
   ]
  },
  {
   "cell_type": "code",
   "execution_count": 32,
   "metadata": {},
   "outputs": [
    {
     "data": {
      "text/plain": [
       "author\n",
       "Josh Spector                1.000000\n",
       "Tobias Stone                0.982377\n",
       "Jose Aguinaga               0.980293\n",
       "Hillary Clinton [parody]    0.964273\n",
       "David Hopkins               0.941959\n",
       "Trent Lapinski              0.921547\n",
       "Jose Aguinaga               0.902922\n",
       "Shem Magnezi                0.895229\n",
       "Max Braun                   0.680451\n",
       "Tristan de Montebello       0.485082\n",
       "Name: Josh Spector, dtype: float64"
      ]
     },
     "execution_count": 32,
     "metadata": {},
     "output_type": "execute_result"
    }
   ],
   "source": [
    "similarity_df_m['Josh Spector'].sort_values(ascending=False)"
   ]
  },
  {
   "cell_type": "markdown",
   "metadata": {},
   "source": [
    "Let's visualize this while we're at it! We're going to use seaborn because it's so easy."
   ]
  },
  {
   "cell_type": "code",
   "execution_count": 39,
   "metadata": {},
   "outputs": [],
   "source": [
    "%matplotlib inline\n",
    "import seaborn as sns"
   ]
  },
  {
   "cell_type": "markdown",
   "metadata": {},
   "source": [
    "### How similar are they? We could cluster, but instead..."
   ]
  },
  {
   "cell_type": "code",
   "execution_count": 38,
   "metadata": {
    "collapsed": true
   },
   "outputs": [],
   "source": [
    "# Use cosine similarity to make a similarity matrix, \n",
    "# then use that to make a dataframe with sensible indexes and columns\n",
    "# cmap makes the colors better. The default one is pretty ugly.\n",
    "#ax = sns.heatmap(similarity_df_m, cmap=\"YlGnBu\")"
   ]
  },
  {
   "cell_type": "code",
   "execution_count": 34,
   "metadata": {},
   "outputs": [
    {
     "data": {
      "text/plain": [
       "<matplotlib.axes._subplots.AxesSubplot at 0x10cbc4d68>"
      ]
     },
